2 7 9.758339e-01
7 2 9.758339e-01
2 23 4.748128e-02
23 2 4.748128e-02
2 63 1.378489e-02
63 2 1.378489e-02
3 61 1.548673e-02
61 3 1.548673e-02
3 62 3.063308e-03
62 3 3.063308e-03
3 63 2.382573e-03
63 3 2.382573e-03
4 60 7.317903e-03
60 4 7.317903e-03
4 61 4.765146e-03
61 4 4.765146e-03
4 62 1.191287e-03
62 4 1.191287e-03
5 9 8.049694e-01
9 5 8.049694e-01
5 19 2.537440e-01
19 5 2.537440e-01
5 20 1.128319e-01
20 5 1.128319e-01
5 23 2.171545e-01
23 5 2.171545e-01
5 24 2.197073e-01
24 5 2.197073e-01
5 47 1.735875e-02
47 5 1.735875e-02
5 60 3.403676e-03
60 5 3.403676e-03
5 61 3.573860e-03
61 5 3.573860e-03
5 63 2.229408e-02
63 5 2.229408e-02
6 60 2.893125e-03
60 6 2.893125e-03
7 11 8.553438e-01
11 7 8.553438e-01
7 19 3.832539e-01
19 7 3.832539e-01
8 16 1.967325e-01
16 8 1.967325e-01
8 19 3.201157e-01
19 8 3.201157e-01
8 20 2.748468e-01
20 8 2.748468e-01
8 57 8.168822e-03
57 8 8.168822e-03
8 61 7.658271e-03
61 8 7.658271e-03
9 57 4.254595e-03
57 9 4.254595e-03
9 58 4.254595e-03
58 9 4.254595e-03
9 59 4.594963e-03
59 9 4.594963e-03
9 60 4.594963e-03
60 9 4.594963e-03
10 56 6.977536e-03
56 10 6.977536e-03
10 57 6.466984e-03
57 10 6.466984e-03
11 15 6.053438e-01
15 11 6.053438e-01
11 55 2.756978e-02
55 11 2.756978e-02
11 56 5.275698e-03
56 11 5.275698e-03
11 57 8.339006e-03
57 11 8.339006e-03
12 16 5.947924e-01
16 12 5.947924e-01
12 55 9.019741e-03
55 12 9.019741e-03
12 56 4.765146e-03
56 12 4.765146e-03
12 57 9.700477e-03
57 12 9.700477e-03
13 17 4.885977e-01
17 13 4.885977e-01
13 31 4.067393e-02
31 13 4.067393e-02
13 49 2.178353e-02
49 13 2.178353e-02
13 51 2.297481e-02
51 13 2.297481e-02
13 55 1.225323e-02
55 13 1.225323e-02
13 57 1.123213e-02
57 13 1.123213e-02
14 18 5.505446e-01
18 14 5.505446e-01
15 19 6.266167e-01
19 15 6.266167e-01
16 20 5.508850e-01
20 16 5.508850e-01
16 49 2.467665e-02
49 16 2.467665e-02
16 57 1.310415e-02
57 16 1.310415e-02
17 21 4.785568e-01
21 17 4.785568e-01
17 29 9.070796e-02
29 17 9.070796e-02
18 22 5.532675e-01
22 18 5.532675e-01
19 23 6.250851e-01
23 19 6.250851e-01
20 24 5.350579e-01
24 20 5.350579e-01
20 27 3.473451e-01
27 20 3.473451e-01
20 29 2.756978e-01
29 20 2.756978e-01
20 47 5.820286e-02
47 20 5.820286e-02
20 49 8.151804e-02
49 20 8.151804e-02
20 61 3.284547e-02
61 20 3.284547e-02
21 25 4.264806e-01
25 21 4.264806e-01
21 27 4.125255e-01
27 21 4.125255e-01
21 29 4.091219e-01
29 21 4.091219e-01
24 44 2.508509e-01
44 24 2.508509e-01
24 45 1.836283e-01
45 24 1.836283e-01
24 46 2.898230e-01
46 24 2.898230e-01
24 47 1.776719e-01
47 24 1.776719e-01
24 63 7.249830e-02
63 24 7.249830e-02
26 45 1.160654e-01
45 26 1.160654e-01
27 45 6.279782e-02
45 27 6.279782e-02
27 47 9.904697e-02
47 27 9.904697e-02
28 45 1.286590e-01
45 28 1.286590e-01
28 46 8.492172e-02
46 28 8.492172e-02
28 47 1.581007e-01
47 28 1.581007e-01
29 47 1.095984e-01
47 29 1.095984e-01
29 49 1.948604e-01
49 29 1.948604e-01
30 46 2.469367e-01
46 30 2.469367e-01
30 47 1.946903e-01
47 30 1.946903e-01
30 48 1.198094e-01
48 30 1.198094e-01
30 49 1.851600e-01
49 30 1.851600e-01
31 49 1.213410e-01
49 31 1.213410e-01
31 51 1.807352e-01
51 31 1.807352e-01
32 36 6.313819e-01
36 32 6.313819e-01
32 38 5.942818e-01
38 32 5.942818e-01
32 48 2.724643e-01
48 32 2.724643e-01
32 49 2.100068e-01
49 32 2.100068e-01
32 50 1.696732e-01
50 32 1.696732e-01
32 51 1.565691e-01
51 32 1.565691e-01
33 50 1.705242e-01
50 33 1.705242e-01
33 51 7.828455e-02
51 33 7.828455e-02
34 50 1.419333e-01
50 34 1.419333e-01
34 51 1.368278e-01
51 34 1.368278e-01
34 52 1.264466e-01
52 34 1.264466e-01
34 58 7.794418e-02
58 34 7.794418e-02
34 59 1.021103e-01
59 34 1.021103e-01
36 50 2.721239e-01
50 36 2.721239e-01
38 48 4.063989e-01
48 38 4.063989e-01
38 50 3.902314e-01
50 38 3.902314e-01
39 48 5.990470e-01
48 39 5.990470e-01
41 46 9.526889e-01
46 41 9.526889e-01
41 48 7.940776e-01
48 41 7.940776e-01
41 64 2.193669e-01
64 41 2.193669e-01
42 46 9.256297e-01
46 42 9.256297e-01
42 63 2.995235e-01
63 42 2.995235e-01
42 64 8.798502e-02
64 42 8.798502e-02
43 63 2.920354e-01
63 43 2.920354e-01
43 64 1.141933e-01
64 43 1.141933e-01
44 63 1.363172e-01
63 44 1.363172e-01
46 62 5.757318e-01
62 46 5.757318e-01
46 63 2.159632e-01
63 46 2.159632e-01
46 64 2.139210e-01
64 46 2.139210e-01
47 61 4.138870e-01
61 47 4.138870e-01
47 62 3.800204e-01
62 47 3.800204e-01
47 63 2.472771e-01
63 47 2.472771e-01
48 61 4.327774e-01
61 48 4.327774e-01
48 62 4.773656e-01
62 48 4.773656e-01
48 64 3.076923e-01
64 48 3.076923e-01
49 57 4.972771e-01
57 49 4.972771e-01
49 61 3.647039e-01
61 49 3.647039e-01
50 56 8.633424e-01
56 50 8.633424e-01
50 57 5.321647e-01
57 50 5.321647e-01
50 58 4.542206e-01
58 50 4.542206e-01
50 59 3.859769e-01
59 50 3.859769e-01
51 55 6.490810e-01
55 51 6.490810e-01
51 56 6.771613e-01
56 51 6.771613e-01
51 57 5.679033e-01
57 51 5.679033e-01
51 58 4.913206e-01
58 51 4.913206e-01
52 56 7.537440e-01
56 52 7.537440e-01
52 58 4.322668e-01
58 52 4.322668e-01
57 61 6.897549e-01
61 57 6.897549e-01
