2 7 9.643963e-01
7 2 9.643963e-01
2 23 6.965944e-03
23 2 6.965944e-03
2 63 3.869969e-03
63 2 3.869969e-03
3 61 7.739938e-04
61 3 7.739938e-04
3 62 0.000000e+00
62 3 0.000000e+00
3 63 0.000000e+00
63 3 0.000000e+00
4 60 0.000000e+00
60 4 0.000000e+00
4 61 0.000000e+00
61 4 0.000000e+00
4 62 0.000000e+00
62 4 0.000000e+00
5 9 7.360681e-01
9 5 7.360681e-01
5 19 3.792570e-02
19 5 3.792570e-02
5 20 1.006192e-02
20 5 1.006192e-02
5 23 2.631579e-02
23 5 2.631579e-02
5 24 3.947368e-02
24 5 3.947368e-02
5 47 6.191950e-03
47 5 6.191950e-03
5 60 0.000000e+00
60 5 0.000000e+00
5 61 0.000000e+00
61 5 0.000000e+00
5 63 7.739938e-04
63 5 7.739938e-04
6 60 0.000000e+00
60 6 0.000000e+00
7 11 7.623839e-01
11 7 7.623839e-01
7 19 9.365325e-02
19 7 9.365325e-02
8 16 2.786378e-02
16 8 2.786378e-02
8 19 5.417957e-02
19 8 5.417957e-02
8 20 4.489164e-02
20 8 4.489164e-02
8 57 0.000000e+00
57 8 0.000000e+00
8 61 0.000000e+00
61 8 0.000000e+00
9 57 0.000000e+00
57 9 0.000000e+00
9 58 0.000000e+00
58 9 0.000000e+00
9 59 7.739938e-04
59 9 7.739938e-04
9 60 7.739938e-04
60 9 7.739938e-04
10 56 0.000000e+00
56 10 0.000000e+00
10 57 7.739938e-04
57 10 7.739938e-04
11 15 4.017028e-01
15 11 4.017028e-01
11 55 7.739938e-04
55 11 7.739938e-04
11 56 0.000000e+00
56 11 0.000000e+00
11 57 0.000000e+00
57 11 0.000000e+00
12 16 3.444272e-01
16 12 3.444272e-01
12 55 0.000000e+00
55 12 0.000000e+00
12 56 0.000000e+00
56 12 0.000000e+00
12 57 0.000000e+00
57 12 0.000000e+00
13 17 2.817337e-01
17 13 2.817337e-01
13 31 6.191950e-03
31 13 6.191950e-03
13 49 4.643963e-03
49 13 4.643963e-03
13 51 2.321981e-03
51 13 2.321981e-03
13 55 0.000000e+00
55 13 0.000000e+00
13 57 7.739938e-04
57 13 7.739938e-04
14 18 3.839009e-01
18 14 3.839009e-01
15 19 4.071207e-01
19 15 4.071207e-01
16 20 3.405573e-01
20 16 3.405573e-01
16 49 3.095975e-03
49 16 3.095975e-03
16 57 3.095975e-03
57 16 3.095975e-03
17 21 3.181115e-01
21 17 3.181115e-01
17 29 1.393189e-02
29 17 1.393189e-02
18 22 3.676471e-01
22 18 3.676471e-01
19 23 4.558824e-01
23 19 4.558824e-01
20 24 2.987616e-01
24 20 2.987616e-01
20 27 1.021672e-01
27 20 1.021672e-01
20 29 5.727554e-02
29 20 5.727554e-02
20 47 1.547988e-03
47 20 1.547988e-03
20 49 3.869969e-03
49 20 3.869969e-03
20 61 2.321981e-03
61 20 2.321981e-03
21 25 2.314241e-01
25 21 2.314241e-01
21 27 1.393189e-01
27 21 1.393189e-01
21 29 1.478328e-01
29 21 1.478328e-01
24 44 1.780186e-02
44 24 1.780186e-02
24 45 2.321981e-03
45 24 2.321981e-03
24 46 9.287926e-03
46 24 9.287926e-03
24 47 9.287926e-03
47 24 9.287926e-03
24 63 4.643963e-03
63 24 4.643963e-03
26 45 1.547988e-03
45 26 1.547988e-03
27 45 0.000000e+00
45 27 0.000000e+00
27 47 1.547988e-03
47 27 1.547988e-03
28 45 5.417957e-03
45 28 5.417957e-03
28 46 0.000000e+00
46 28 0.000000e+00
28 47 6.191950e-03
47 28 6.191950e-03
29 47 1.547988e-03
47 29 1.547988e-03
29 49 4.643963e-03
49 29 4.643963e-03
30 46 9.287926e-03
46 30 9.287926e-03
30 47 2.321981e-03
47 30 2.321981e-03
30 48 0.000000e+00
48 30 0.000000e+00
30 49 2.321981e-03
49 30 2.321981e-03
31 49 0.000000e+00
49 31 0.000000e+00
31 51 5.417957e-03
51 31 5.417957e-03
32 36 3.947368e-01
36 32 3.947368e-01
32 38 3.049536e-01
38 32 3.049536e-01
32 48 1.083591e-02
48 32 1.083591e-02
32 49 4.643963e-03
49 32 4.643963e-03
32 50 5.417957e-03
50 32 5.417957e-03
32 51 3.869969e-03
51 32 3.869969e-03
33 50 3.095975e-03
50 33 3.095975e-03
33 51 1.547988e-03
51 33 1.547988e-03
34 50 3.095975e-03
50 34 3.095975e-03
34 51 9.287926e-03
51 34 9.287926e-03
34 52 9.287926e-03
52 34 9.287926e-03
34 58 3.869969e-03
58 34 3.869969e-03
34 59 3.869969e-03
59 34 3.869969e-03
36 50 1.702786e-02
50 36 1.702786e-02
38 48 4.953560e-02
48 38 4.953560e-02
38 50 5.804954e-02
50 38 5.804954e-02
39 48 1.803406e-01
48 39 1.803406e-01
41 46 7.693498e-01
46 41 7.693498e-01
41 48 4.922601e-01
48 41 4.922601e-01
41 64 1.006192e-02
64 41 1.006192e-02
42 46 7.430341e-01
46 42 7.430341e-01
42 63 1.393189e-02
63 42 1.393189e-02
42 64 2.321981e-03
64 42 2.321981e-03
43 63 7.739938e-03
63 43 7.739938e-03
43 64 0.000000e+00
64 43 0.000000e+00
44 63 3.095975e-03
63 44 3.095975e-03
46 62 3.250774e-02
62 46 3.250774e-02
46 63 2.321981e-03
63 46 2.321981e-03
46 64 4.643963e-03
64 46 4.643963e-03
47 61 2.012384e-02
61 47 2.012384e-02
47 62 4.643963e-03
62 47 4.643963e-03
47 63 7.739938e-04
63 47 7.739938e-04
48 61 2.321981e-02
61 48 2.321981e-02
48 62 2.012384e-02
62 48 2.012384e-02
48 64 1.934985e-02
64 48 1.934985e-02
49 57 4.024768e-02
57 49 4.024768e-02
49 61 1.470588e-02
61 49 1.470588e-02
50 56 2.832817e-01
56 50 2.832817e-01
50 57 4.024768e-02
57 50 4.024768e-02
50 58 5.185759e-02
58 50 5.185759e-02
50 59 3.018576e-02
59 50 3.018576e-02
51 55 2.639319e-01
55 51 2.639319e-01
51 56 1.099071e-01
56 51 1.099071e-01
51 57 3.637771e-02
57 51 3.637771e-02
51 58 5.804954e-02
58 51 5.804954e-02
52 56 2.902477e-01
56 52 2.902477e-01
52 58 9.287926e-02
58 52 9.287926e-02
57 61 4.752322e-01
61 57 4.752322e-01
