2 7 9.864144e-01
7 2 9.864144e-01
2 23 3.742605e-01
23 2 3.742605e-01
2 63 7.989190e-01
63 2 7.989190e-01
3 61 8.944562e-01
61 3 8.944562e-01
3 62 6.426850e-01
62 3 6.426850e-01
3 63 4.981375e-01
63 3 4.981375e-01
4 60 8.431817e-01
60 4 8.431817e-01
4 61 7.837265e-01
61 4 7.837265e-01
4 62 6.241326e-01
62 4 6.241326e-01
5 9 9.286393e-01
9 5 9.286393e-01
5 19 8.620261e-01
19 5 8.620261e-01
5 20 7.797823e-01
20 5 7.797823e-01
5 23 8.201008e-01
23 5 8.201008e-01
5 24 8.505588e-01
24 5 8.505588e-01
5 47 8.748813e-01
47 5 8.748813e-01
5 60 6.892119e-01
60 5 6.892119e-01
5 61 6.113505e-01
61 5 6.113505e-01
5 63 9.309035e-01
63 5 9.309035e-01
6 60 7.128040e-01
60 6 7.128040e-01
7 11 9.837119e-01
11 7 9.837119e-01
7 19 9.038785e-01
19 7 9.038785e-01
8 16 7.743043e-01
16 8 7.743043e-01
8 19 8.812358e-01
19 8 8.812358e-01
8 20 9.083339e-01
20 8 9.083339e-01
8 57 8.518735e-01
57 8 8.518735e-01
8 61 8.003068e-01
61 8 8.003068e-01
9 57 8.084143e-01
57 9 8.084143e-01
9 58 7.482288e-01
58 9 7.482288e-01
9 59 7.531225e-01
59 9 7.531225e-01
9 60 7.973851e-01
60 9 7.973851e-01
10 56 8.518735e-01
56 10 8.518735e-01
10 57 8.108977e-01
57 10 8.108977e-01
11 15 8.604193e-01
15 11 8.604193e-01
11 55 9.832737e-01
55 11 9.832737e-01
11 56 8.293770e-01
56 11 8.293770e-01
11 57 8.542838e-01
57 11 8.542838e-01
12 16 9.184866e-01
16 12 9.184866e-01
12 55 8.901468e-01
55 12 8.901468e-01
12 56 7.407056e-01
56 12 7.407056e-01
12 57 9.295888e-01
57 12 9.295888e-01
13 17 8.832079e-01
17 13 8.832079e-01
13 31 6.838069e-01
31 13 6.838069e-01
13 49 8.401139e-01
49 13 8.401139e-01
13 51 9.282740e-01
51 13 9.282740e-01
13 55 8.753196e-01
55 13 8.753196e-01
13 57 9.425170e-01
57 13 9.425170e-01
14 18 8.255058e-01
18 14 8.255058e-01
15 19 8.769995e-01
19 15 8.769995e-01
16 20 9.035133e-01
20 16 9.035133e-01
16 49 8.525309e-01
49 16 8.525309e-01
16 57 8.404061e-01
57 16 8.404061e-01
17 21 8.888321e-01
21 17 8.888321e-01
17 29 7.213498e-01
29 17 7.213498e-01
18 22 8.193704e-01
22 18 8.193704e-01
19 23 8.277701e-01
23 19 8.277701e-01
20 24 8.661895e-01
24 20 8.661895e-01
20 27 8.977430e-01
27 20 8.977430e-01
20 29 8.902199e-01
29 20 8.902199e-01
20 47 8.855452e-01
47 20 8.855452e-01
20 49 9.728289e-01
49 20 9.728289e-01
20 61 8.118472e-01
61 20 8.118472e-01
21 25 7.256592e-01
25 21 7.256592e-01
21 27 8.615149e-01
27 21 8.615149e-01
21 29 9.153458e-01
29 21 9.153458e-01
24 44 9.134468e-01
44 24 9.134468e-01
24 45 9.152728e-01
45 24 9.152728e-01
24 46 9.814477e-01
46 24 9.814477e-01
24 47 9.734862e-01
47 24 9.734862e-01
24 63 7.556059e-01
63 24 7.556059e-01
26 45 6.987072e-01
45 26 6.987072e-01
27 45 6.053612e-01
45 27 6.053612e-01
27 47 8.485867e-01
47 27 8.485867e-01
28 45 7.449419e-01
45 28 7.449419e-01
28 46 6.187276e-01
46 28 6.187276e-01
28 47 8.301804e-01
47 28 8.301804e-01
29 47 7.306990e-01
47 29 7.306990e-01
29 49 9.455116e-01
49 29 9.455116e-01
30 46 9.506975e-01
46 30 9.506975e-01
30 47 8.813819e-01
47 30 8.813819e-01
30 48 7.151413e-01
48 30 7.151413e-01
30 49 8.842305e-01
49 30 8.842305e-01
31 49 7.710175e-01
49 31 7.710175e-01
31 51 9.170258e-01
51 31 9.170258e-01
32 36 8.745161e-01
36 32 8.745161e-01
32 38 8.594697e-01
38 32 8.594697e-01
32 48 9.690308e-01
48 32 9.690308e-01
32 49 8.966474e-01
49 32 8.966474e-01
32 50 7.748886e-01
50 32 7.748886e-01
32 51 8.499744e-01
51 32 8.499744e-01
33 50 8.325177e-01
50 33 8.325177e-01
33 51 6.581696e-01
51 33 6.581696e-01
34 50 8.072456e-01
50 34 8.072456e-01
34 51 8.053466e-01
51 34 8.053466e-01
34 52 8.038127e-01
52 34 8.038127e-01
34 58 5.351691e-01
58 34 5.351691e-01
34 59 6.616756e-01
59 34 6.616756e-01
36 50 9.018333e-01
50 36 9.018333e-01
38 48 9.023446e-01
48 38 9.023446e-01
38 50 9.385728e-01
50 38 9.385728e-01
39 48 9.705646e-01
48 39 9.705646e-01
41 46 9.979549e-01
46 41 9.979549e-01
41 48 9.844423e-01
48 41 9.844423e-01
41 64 7.143379e-01
64 41 7.143379e-01
42 46 9.937915e-01
46 42 9.937915e-01
42 63 8.469798e-01
63 42 8.469798e-01
42 64 5.310788e-01
64 42 5.310788e-01
43 63 8.589584e-01
63 43 8.589584e-01
43 64 4.770287e-01
64 43 4.770287e-01
44 63 7.095902e-01
63 44 7.095902e-01
46 62 9.761157e-01
62 46 9.761157e-01
46 63 7.685341e-01
63 46 7.685341e-01
46 64 5.561318e-01
64 46 5.561318e-01
47 61 9.388649e-01
61 47 9.388649e-01
47 62 8.874443e-01
62 47 8.874443e-01
47 63 7.483748e-01
63 47 7.483748e-01
48 61 9.315609e-01
61 48 9.315609e-01
48 62 9.210430e-01
62 48 9.210430e-01
48 64 7.311372e-01
64 48 7.311372e-01
49 57 9.173179e-01
57 49 9.173179e-01
49 61 8.737127e-01
61 49 8.737127e-01
50 56 9.928420e-01
56 50 9.928420e-01
50 57 9.199474e-01
57 50 9.199474e-01
50 58 8.564751e-01
58 50 8.564751e-01
50 59 8.580089e-01
59 50 8.580089e-01
51 55 9.013220e-01
55 51 9.013220e-01
51 56 9.129355e-01
56 51 9.129355e-01
51 57 8.809437e-01
57 51 8.809437e-01
51 58 8.707910e-01
58 51 8.707910e-01
52 56 8.900738e-01
56 52 8.900738e-01
52 58 8.504127e-01
58 52 8.504127e-01
57 61 9.735593e-01
61 57 9.735593e-01
