2 7 9.773463e-01
7 2 9.773463e-01
2 23 9.708738e-02
23 2 9.708738e-02
2 63 1.984898e-01
63 2 1.984898e-01
3 61 2.642934e-01
61 3 2.642934e-01
3 62 8.414239e-02
62 3 8.414239e-02
3 63 6.148867e-02
63 3 6.148867e-02
4 60 2.286947e-01
60 4 2.286947e-01
4 61 1.413161e-01
61 4 1.413161e-01
4 62 6.688242e-02
62 4 6.688242e-02
5 9 7.669903e-01
9 5 7.669903e-01
5 19 2.988134e-01
19 5 2.988134e-01
5 20 1.693635e-01
20 5 1.693635e-01
5 23 2.686084e-01
23 5 2.686084e-01
5 24 2.675297e-01
24 5 2.675297e-01
5 47 1.887810e-01
47 5 1.887810e-01
5 60 1.639698e-01
60 5 1.639698e-01
5 61 1.111111e-01
61 5 1.111111e-01
5 63 2.535059e-01
63 5 2.535059e-01
6 60 1.370011e-01
60 6 1.370011e-01
7 11 8.565264e-01
11 7 8.565264e-01
7 19 4.217907e-01
19 7 4.217907e-01
8 16 2.437972e-01
16 8 2.437972e-01
8 19 3.581446e-01
19 8 3.581446e-01
8 20 3.398058e-01
20 8 3.398058e-01
8 57 2.233010e-01
57 8 2.233010e-01
8 61 1.844660e-01
61 8 1.844660e-01
9 57 1.833873e-01
57 9 1.833873e-01
9 58 1.639698e-01
58 9 1.639698e-01
9 59 1.628910e-01
59 9 1.628910e-01
9 60 1.801510e-01
60 9 1.801510e-01
10 56 2.286947e-01
56 10 2.286947e-01
10 57 2.135922e-01
57 10 2.135922e-01
11 15 6.181230e-01
15 11 6.181230e-01
11 55 4.951456e-01
55 11 4.951456e-01
11 56 2.092772e-01
56 11 2.092772e-01
11 57 2.157497e-01
57 11 2.157497e-01
12 16 6.580367e-01
16 12 6.580367e-01
12 55 3.203883e-01
55 12 3.203883e-01
12 56 1.844660e-01
56 12 1.844660e-01
12 57 3.451996e-01
57 12 3.451996e-01
13 17 6.040992e-01
17 13 6.040992e-01
13 31 2.286947e-01
31 13 2.286947e-01
13 49 3.376483e-01
49 13 3.376483e-01
13 51 3.484358e-01
51 13 3.484358e-01
13 55 3.505933e-01
55 13 3.505933e-01
13 57 4.077670e-01
57 13 4.077670e-01
14 18 5.674218e-01
18 14 5.674218e-01
15 19 6.515642e-01
19 15 6.515642e-01
16 20 6.472492e-01
20 16 6.472492e-01
16 49 3.311758e-01
49 16 3.311758e-01
16 57 2.632147e-01
57 16 2.632147e-01
17 21 6.094930e-01
21 17 6.094930e-01
17 29 3.128371e-01
29 17 3.128371e-01
18 22 6.030205e-01
22 18 6.030205e-01
19 23 6.720604e-01
23 19 6.720604e-01
20 24 6.839266e-01
24 20 6.839266e-01
20 27 5.868393e-01
27 20 5.868393e-01
20 29 5.749730e-01
29 20 5.749730e-01
20 47 4.627832e-01
47 20 4.627832e-01
20 49 6.040992e-01
49 20 6.040992e-01
20 61 3.247033e-01
61 20 3.247033e-01
21 25 5.231931e-01
25 21 5.231931e-01
21 27 6.062567e-01
27 21 6.062567e-01
21 29 6.828479e-01
29 21 6.828479e-01
24 44 6.558792e-01
44 24 6.558792e-01
24 45 7.044229e-01
45 24 7.044229e-01
24 46 8.694714e-01
46 24 8.694714e-01
24 47 7.421791e-01
47 24 7.421791e-01
24 63 3.883495e-01
63 24 3.883495e-01
26 45 4.217907e-01
45 26 4.217907e-01
27 45 3.721683e-01
45 27 3.721683e-01
27 47 5.177994e-01
47 27 5.177994e-01
28 45 5.134844e-01
45 28 5.134844e-01
28 46 4.271845e-01
46 28 4.271845e-01
28 47 5.922330e-01
47 28 5.922330e-01
29 47 4.940669e-01
47 29 4.940669e-01
29 49 7.572816e-01
49 29 7.572816e-01
30 46 7.777778e-01
46 30 7.777778e-01
30 47 6.418554e-01
47 30 6.418554e-01
30 48 5.145631e-01
48 30 5.145631e-01
30 49 6.634304e-01
49 30 6.634304e-01
31 49 5.620280e-01
49 31 5.620280e-01
31 51 6.893204e-01
51 31 6.893204e-01
32 36 7.874865e-01
36 32 7.874865e-01
32 38 7.551241e-01
38 32 7.551241e-01
32 48 8.252427e-01
48 32 8.252427e-01
32 49 6.591154e-01
49 32 6.591154e-01
32 50 5.577131e-01
50 32 5.577131e-01
32 51 5.760518e-01
51 32 5.760518e-01
33 50 5.868393e-01
50 33 5.868393e-01
33 51 4.066882e-01
51 33 4.066882e-01
34 50 5.782093e-01
50 34 5.782093e-01
34 51 5.652643e-01
51 34 5.652643e-01
34 52 5.533981e-01
52 34 5.533981e-01
34 58 2.998921e-01
58 34 2.998921e-01
34 59 3.915858e-01
59 34 3.915858e-01
36 50 7.184466e-01
50 36 7.184466e-01
38 48 7.853290e-01
48 38 7.853290e-01
38 50 7.842503e-01
50 38 7.842503e-01
39 48 8.910464e-01
48 39 8.910464e-01
41 46 9.870550e-01
46 41 9.870550e-01
41 48 9.234088e-01
48 41 9.234088e-01
41 64 4.110032e-01
64 41 4.110032e-01
42 46 9.751888e-01
46 42 9.751888e-01
42 63 5.889968e-01
63 42 5.889968e-01
42 64 2.707659e-01
64 42 2.707659e-01
43 63 5.598706e-01
63 43 5.598706e-01
43 64 2.459547e-01
64 43 2.459547e-01
44 63 4.325782e-01
63 44 4.325782e-01
46 62 8.230852e-01
62 46 8.230852e-01
46 63 4.681769e-01
63 46 4.681769e-01
46 64 3.678533e-01
64 46 3.678533e-01
47 61 6.817691e-01
61 47 6.817691e-01
47 62 6.440129e-01
62 47 6.440129e-01
47 63 4.962244e-01
63 47 4.962244e-01
48 61 6.720604e-01
61 48 6.720604e-01
48 62 7.281553e-01
62 48 7.281553e-01
48 64 4.886731e-01
64 48 4.886731e-01
49 57 7.206041e-01
57 49 7.206041e-01
49 61 6.127292e-01
61 49 6.127292e-01
50 56 9.309601e-01
56 50 9.309601e-01
50 57 7.184466e-01
57 50 7.184466e-01
50 58 6.321467e-01
58 50 6.321467e-01
50 59 6.148867e-01
59 50 6.148867e-01
51 55 8.274002e-01
55 51 8.274002e-01
51 56 7.831715e-01
56 51 7.831715e-01
51 57 7.130529e-01
57 51 7.130529e-01
51 58 6.666667e-01
58 51 6.666667e-01
52 56 8.101402e-01
56 52 8.101402e-01
52 58 6.483279e-01
58 52 6.483279e-01
57 61 7.982740e-01
61 57 7.982740e-01
