2 7 9.792461e-01
7 2 9.792461e-01
2 23 2.049979e-01
23 2 2.049979e-01
2 63 4.900466e-01
63 2 4.900466e-01
3 61 5.620500e-01
61 3 5.620500e-01
3 62 3.062262e-01
62 3 3.062262e-01
3 63 2.333757e-01
63 3 2.333757e-01
4 60 5.163066e-01
60 4 5.163066e-01
4 61 3.968657e-01
61 4 3.968657e-01
4 62 2.799661e-01
62 4 2.799661e-01
5 9 8.098263e-01
9 5 8.098263e-01
5 19 5.811097e-01
19 5 5.811097e-01
5 20 3.879712e-01
20 5 3.879712e-01
5 23 4.993647e-01
23 5 4.993647e-01
5 24 4.743753e-01
24 5 4.743753e-01
5 47 4.629394e-01
47 5 4.629394e-01
5 60 3.917831e-01
60 5 3.917831e-01
5 61 2.600593e-01
61 5 2.600593e-01
5 63 5.972046e-01
63 5 5.972046e-01
6 60 3.934773e-01
60 6 3.934773e-01
7 11 9.390089e-01
11 7 9.390089e-01
7 19 6.797967e-01
19 7 6.797967e-01
8 16 5.133418e-01
16 8 5.133418e-01
8 19 6.327827e-01
19 8 6.327827e-01
8 20 6.082169e-01
20 8 6.082169e-01
8 57 5.565438e-01
57 8 5.565438e-01
8 61 4.752224e-01
61 8 4.752224e-01
9 57 5.146125e-01
57 9 5.146125e-01
9 58 4.557391e-01
58 9 4.557391e-01
9 59 4.570097e-01
59 9 4.570097e-01
9 60 5.074121e-01
60 9 5.074121e-01
10 56 5.938162e-01
56 10 5.938162e-01
10 57 5.578145e-01
57 10 5.578145e-01
11 15 7.594240e-01
15 11 7.594240e-01
11 55 8.538755e-01
55 11 8.538755e-01
11 56 5.264718e-01
56 11 5.264718e-01
11 57 5.514612e-01
57 11 5.514612e-01
12 16 8.136383e-01
16 12 8.136383e-01
12 55 6.666667e-01
55 12 6.666667e-01
12 56 4.650572e-01
56 12 4.650572e-01
12 57 6.857264e-01
57 12 6.857264e-01
13 17 7.653537e-01
17 13 7.653537e-01
13 31 4.057603e-01
31 13 4.057603e-01
13 49 6.154172e-01
49 13 6.154172e-01
13 51 7.013977e-01
51 13 7.013977e-01
13 55 6.916561e-01
55 13 6.916561e-01
13 57 7.573062e-01
57 13 7.573062e-01
14 18 6.946209e-01
18 14 6.946209e-01
15 19 7.606946e-01
19 15 7.606946e-01
16 20 7.822956e-01
20 16 7.822956e-01
16 49 5.887336e-01
49 16 5.887336e-01
16 57 5.404490e-01
57 16 5.404490e-01
17 21 7.602711e-01
21 17 7.602711e-01
17 29 4.781872e-01
29 17 4.781872e-01
18 22 6.848793e-01
22 18 6.848793e-01
19 23 7.039390e-01
23 19 7.039390e-01
20 24 7.501059e-01
24 20 7.501059e-01
20 27 7.276578e-01
27 20 7.276578e-01
20 29 7.255400e-01
29 20 7.255400e-01
20 47 6.548073e-01
47 20 6.548073e-01
20 49 8.238035e-01
49 20 8.238035e-01
20 61 4.955527e-01
61 20 4.955527e-01
21 25 5.832274e-01
25 21 5.832274e-01
21 27 6.941974e-01
27 21 6.941974e-01
21 29 7.585769e-01
29 21 7.585769e-01
24 44 7.098687e-01
44 24 7.098687e-01
24 45 7.649301e-01
45 24 7.649301e-01
24 46 9.224905e-01
46 24 9.224905e-01
24 47 8.614994e-01
47 24 8.614994e-01
24 63 4.760695e-01
63 24 4.760695e-01
26 45 4.595510e-01
45 26 4.595510e-01
27 45 3.735705e-01
45 27 3.735705e-01
27 47 5.595087e-01
47 27 5.595087e-01
28 45 5.086828e-01
45 28 5.086828e-01
28 46 4.125371e-01
46 28 4.125371e-01
28 47 5.963575e-01
47 28 5.963575e-01
29 47 5.268954e-01
47 29 5.268954e-01
29 49 7.700127e-01
49 29 7.700127e-01
30 46 8.077086e-01
46 30 8.077086e-01
30 47 6.730199e-01
47 30 6.730199e-01
30 48 5.027531e-01
48 30 5.027531e-01
30 49 6.598899e-01
49 30 6.598899e-01
31 49 5.518848e-01
49 31 5.518848e-01
31 51 7.073274e-01
51 31 7.073274e-01
32 36 7.945786e-01
36 32 7.945786e-01
32 38 7.454468e-01
38 32 7.454468e-01
32 48 8.369335e-01
48 32 8.369335e-01
32 49 6.725964e-01
49 32 6.725964e-01
32 50 5.311309e-01
50 32 5.311309e-01
32 51 5.993223e-01
51 32 5.993223e-01
33 50 5.916984e-01
50 33 5.916984e-01
33 51 4.146548e-01
51 33 4.146548e-01
34 50 5.760271e-01
50 34 5.760271e-01
34 51 5.726387e-01
51 34 5.726387e-01
34 52 5.535790e-01
52 34 5.535790e-01
34 58 2.748835e-01
58 34 2.748835e-01
34 59 3.748412e-01
59 34 3.748412e-01
36 50 7.124100e-01
50 36 7.124100e-01
38 48 7.852605e-01
48 38 7.852605e-01
38 50 7.810250e-01
50 38 7.810250e-01
39 48 8.919949e-01
48 39 8.919949e-01
41 46 9.894113e-01
46 41 9.894113e-01
41 48 9.474799e-01
48 41 9.474799e-01
41 64 4.451504e-01
64 41 4.451504e-01
42 46 9.817874e-01
46 42 9.817874e-01
42 63 6.192291e-01
63 42 6.192291e-01
42 64 2.888607e-01
64 42 2.888607e-01
43 63 6.005930e-01
63 43 6.005930e-01
43 64 2.545532e-01
64 43 2.545532e-01
44 63 4.705633e-01
63 44 4.705633e-01
46 62 8.538755e-01
62 46 8.538755e-01
46 63 5.048708e-01
63 46 5.048708e-01
46 64 3.595934e-01
64 46 3.595934e-01
47 61 7.666243e-01
61 47 7.666243e-01
47 62 6.797967e-01
62 47 6.797967e-01
47 63 5.205421e-01
63 47 5.205421e-01
48 61 7.645066e-01
61 48 7.645066e-01
48 62 7.501059e-01
62 48 7.501059e-01
48 64 5.069886e-01
64 48 5.069886e-01
49 57 7.518001e-01
57 49 7.518001e-01
49 61 6.810673e-01
61 49 6.810673e-01
50 56 9.542567e-01
56 50 9.542567e-01
50 57 7.700127e-01
57 50 7.700127e-01
50 58 6.886912e-01
58 50 6.886912e-01
50 59 6.823380e-01
59 50 6.823380e-01
51 55 8.246506e-01
55 51 8.246506e-01
51 56 7.861076e-01
56 51 7.861076e-01
51 57 7.479881e-01
57 51 7.479881e-01
51 58 7.153748e-01
58 51 7.153748e-01
52 56 8.246506e-01
56 52 8.246506e-01
52 58 7.069039e-01
58 52 7.069039e-01
57 61 8.555697e-01
61 57 8.555697e-01
