2 7 9.761538e-01
7 2 9.761538e-01
2 23 2.993617e-02
23 2 2.993617e-02
2 63 6.236701e-03
63 2 6.236701e-03
3 61 5.062734e-03
61 3 5.062734e-03
3 62 8.071025e-04
62 3 8.071025e-04
3 63 5.136107e-04
63 3 5.136107e-04
4 60 2.054443e-03
60 4 2.054443e-03
4 61 7.337295e-04
61 4 7.337295e-04
4 62 1.467459e-04
62 4 1.467459e-04
5 9 7.910338e-01
9 5 7.910338e-01
5 19 1.618607e-01
19 5 1.618607e-01
5 20 6.574217e-02
20 5 6.574217e-02
5 23 1.365471e-01
23 5 1.365471e-01
5 24 1.474796e-01
24 5 1.474796e-01
5 47 9.024873e-03
47 5 9.024873e-03
5 60 1.687578e-03
60 5 1.687578e-03
5 61 1.173967e-03
61 5 1.173967e-03
5 63 8.804755e-03
63 5 8.804755e-03
6 60 8.804755e-04
60 6 8.804755e-04
7 11 8.297747e-01
11 7 8.297747e-01
7 19 2.755888e-01
19 7 2.755888e-01
8 16 1.162228e-01
16 8 1.162228e-01
8 19 2.229804e-01
19 8 2.229804e-01
8 20 1.858537e-01
20 8 1.858537e-01
8 57 1.687578e-03
57 8 1.687578e-03
8 61 1.834324e-03
61 8 1.834324e-03
9 57 9.538484e-04
57 9 9.538484e-04
9 58 8.071025e-04
58 9 8.071025e-04
9 59 1.540832e-03
59 9 1.540832e-03
9 60 1.614205e-03
60 9 1.614205e-03
10 56 1.247340e-03
56 10 1.247340e-03
10 57 1.247340e-03
57 10 1.247340e-03
11 15 5.426664e-01
15 11 5.426664e-01
11 55 8.731382e-03
55 11 8.731382e-03
11 56 8.804755e-04
56 11 8.804755e-04
11 57 1.394086e-03
57 11 1.394086e-03
12 16 5.117764e-01
16 12 5.117764e-01
12 55 3.228410e-03
55 12 3.228410e-03
12 56 5.869836e-04
56 12 5.869836e-04
12 57 2.347935e-03
57 12 2.347935e-03
13 17 4.204270e-01
17 13 4.204270e-01
13 31 3.015628e-02
31 13 3.015628e-02
13 49 6.603566e-03
49 13 6.603566e-03
13 51 8.437890e-03
51 13 8.437890e-03
13 55 2.714799e-03
55 13 2.714799e-03
13 57 3.228410e-03
57 13 3.228410e-03
14 18 5.040722e-01
18 14 5.040722e-01
15 19 5.570475e-01
19 15 5.570475e-01
16 20 4.836745e-01
20 16 4.836745e-01
16 49 1.100594e-02
49 16 1.100594e-02
16 57 4.108885e-03
57 16 4.108885e-03
17 21 4.191063e-01
21 17 4.191063e-01
17 29 6.390784e-02
29 17 6.390784e-02
18 22 4.889574e-01
22 18 4.889574e-01
19 23 5.684203e-01
23 19 5.684203e-01
20 24 4.529312e-01
24 20 4.529312e-01
20 27 2.539438e-01
27 20 2.539438e-01
20 29 2.049307e-01
29 20 2.049307e-01
20 47 1.489471e-02
47 20 1.489471e-02
20 49 3.096339e-02
49 20 3.096339e-02
20 61 9.685230e-03
61 20 9.685230e-03
21 25 3.656174e-01
25 21 3.656174e-01
21 27 3.348742e-01
27 21 3.348742e-01
21 29 3.449263e-01
29 21 3.449263e-01
24 44 7.770196e-02
44 24 7.770196e-02
24 45 4.094211e-02
45 24 4.094211e-02
24 46 7.572089e-02
46 24 7.572089e-02
24 47 5.158119e-02
47 24 5.158119e-02
24 63 1.804975e-02
63 24 1.804975e-02
26 45 2.722137e-02
45 26 2.722137e-02
27 45 1.100594e-02
45 27 1.100594e-02
27 47 2.223201e-02
47 27 2.223201e-02
28 45 2.839533e-02
45 28 2.839533e-02
28 46 1.210654e-02
46 28 1.210654e-02
28 47 3.265096e-02
47 28 3.265096e-02
29 47 1.885685e-02
47 29 1.885685e-02
29 49 4.395040e-02
49 29 4.395040e-02
30 46 5.877174e-02
46 30 5.877174e-02
30 47 4.196933e-02
47 30 4.196933e-02
30 48 1.790300e-02
48 30 1.790300e-02
30 49 3.697997e-02
49 30 3.697997e-02
31 49 1.819649e-02
49 31 1.819649e-02
31 51 3.697997e-02
51 31 3.697997e-02
32 36 5.133172e-01
36 32 5.133172e-01
32 38 4.605620e-01
38 32 4.605620e-01
32 48 6.493506e-02
48 32 6.493506e-02
32 49 4.497762e-02
49 32 4.497762e-02
32 50 2.839533e-02
50 32 2.839533e-02
32 51 3.037640e-02
51 32 3.037640e-02
33 50 3.272434e-02
50 33 3.272434e-02
33 51 1.320713e-02
51 33 1.320713e-02
34 50 2.824859e-02
50 34 2.824859e-02
34 51 2.509355e-02
51 34 2.509355e-02
34 52 2.465331e-02
52 34 2.465331e-02
34 58 2.083792e-02
58 34 2.083792e-02
34 59 3.147700e-02
59 34 3.147700e-02
36 50 8.379191e-02
50 36 8.379191e-02
38 48 1.893022e-01
48 38 1.893022e-01
38 50 1.823318e-01
50 38 1.823318e-01
39 48 3.819062e-01
48 39 3.819062e-01
41 46 8.999193e-01
46 41 8.999193e-01
41 48 6.692347e-01
48 41 6.692347e-01
41 64 7.733509e-02
64 41 7.733509e-02
42 46 8.751192e-01
46 42 8.751192e-01
42 63 1.185707e-01
63 42 1.185707e-01
42 64 1.709590e-02
64 42 1.709590e-02
43 63 9.384401e-02
63 43 9.384401e-02
43 64 2.509355e-02
64 43 2.509355e-02
44 63 4.108885e-02
63 44 4.108885e-02
46 62 2.495414e-01
62 46 2.495414e-01
46 63 6.001908e-02
63 46 6.001908e-02
46 64 6.339423e-02
64 46 6.339423e-02
47 61 1.552572e-01
61 47 1.552572e-01
47 62 1.152689e-01
62 47 1.152689e-01
47 63 6.537530e-02
63 47 6.537530e-02
48 61 1.701519e-01
61 48 1.701519e-01
48 62 1.917235e-01
62 48 1.917235e-01
48 64 1.274488e-01
64 48 1.274488e-01
49 57 2.735344e-01
57 49 2.735344e-01
49 61 1.335388e-01
61 49 1.335388e-01
50 56 7.046005e-01
56 50 7.046005e-01
50 57 2.962800e-01
57 50 2.962800e-01
50 58 2.799178e-01
58 50 2.799178e-01
50 59 1.936312e-01
59 50 1.936312e-01
51 55 4.955609e-01
55 51 4.955609e-01
51 56 4.624697e-01
56 51 4.624697e-01
51 57 3.183653e-01
57 51 3.183653e-01
51 58 3.016362e-01
58 51 3.016362e-01
52 56 6.089222e-01
56 52 6.089222e-01
52 58 2.715533e-01
58 52 2.715533e-01
57 61 5.809671e-01
61 57 5.809671e-01
