2 7 9.927738e-01
7 2 9.927738e-01
2 23 4.660923e-01
23 2 4.660923e-01
2 63 9.093941e-01
63 2 9.093941e-01
3 61 9.791551e-01
61 3 9.791551e-01
3 62 8.060033e-01
62 3 8.060033e-01
3 63 6.823235e-01
63 3 6.823235e-01
4 60 9.402446e-01
60 4 9.402446e-01
4 61 9.185659e-01
61 4 9.185659e-01
4 62 8.026681e-01
62 4 8.026681e-01
5 9 9.708171e-01
9 5 9.708171e-01
5 19 9.508060e-01
19 5 9.508060e-01
5 20 9.202335e-01
20 5 9.202335e-01
5 23 9.213452e-01
23 5 9.213452e-01
5 24 9.544191e-01
24 5 9.544191e-01
5 47 9.799889e-01
47 5 9.799889e-01
5 60 8.262924e-01
60 5 8.262924e-01
5 61 7.854364e-01
61 5 7.854364e-01
5 63 9.933296e-01
63 5 9.933296e-01
6 60 8.157310e-01
60 6 8.157310e-01
7 11 9.944414e-01
11 7 9.944414e-01
7 19 9.608116e-01
19 7 9.608116e-01
8 16 8.785436e-01
16 8 8.785436e-01
8 19 9.510839e-01
19 8 9.510839e-01
8 20 9.669261e-01
20 8 9.669261e-01
8 57 9.452474e-01
57 8 9.452474e-01
8 61 9.107838e-01
61 8 9.107838e-01
9 57 9.007782e-01
57 9 9.007782e-01
9 58 8.704836e-01
58 9 8.704836e-01
9 59 8.799333e-01
59 9 8.799333e-01
9 60 8.968872e-01
60 9 8.968872e-01
10 56 9.305170e-01
56 10 9.305170e-01
10 57 8.954975e-01
57 10 8.954975e-01
11 15 9.080044e-01
15 11 9.080044e-01
11 55 9.983324e-01
55 11 9.983324e-01
11 56 9.185659e-01
56 11 9.185659e-01
11 57 9.363535e-01
57 11 9.363535e-01
12 16 9.466370e-01
16 12 9.466370e-01
12 55 9.524736e-01
55 12 9.524736e-01
12 56 8.435242e-01
56 12 8.435242e-01
12 57 9.805447e-01
57 12 9.805447e-01
13 17 9.277376e-01
17 13 9.277376e-01
13 31 8.246248e-01
31 13 8.246248e-01
13 49 9.369094e-01
49 13 9.369094e-01
13 51 9.769316e-01
51 13 9.769316e-01
13 55 9.196776e-01
55 13 9.196776e-01
13 57 9.794330e-01
57 13 9.794330e-01
14 18 9.066148e-01
18 14 9.066148e-01
15 19 9.316287e-01
19 15 9.316287e-01
16 20 9.424680e-01
20 16 9.424680e-01
16 49 9.458032e-01
49 16 9.458032e-01
16 57 9.310728e-01
57 16 9.310728e-01
17 21 9.433018e-01
21 17 9.433018e-01
17 29 8.329628e-01
29 17 8.329628e-01
18 22 8.893830e-01
22 18 8.893830e-01
19 23 9.068927e-01
23 19 9.068927e-01
20 24 9.249583e-01
24 20 9.249583e-01
20 27 9.666481e-01
27 20 9.666481e-01
20 29 9.541412e-01
29 20 9.541412e-01
20 47 9.563646e-01
47 20 9.563646e-01
20 49 9.927738e-01
49 20 9.927738e-01
20 61 9.321845e-01
61 20 9.321845e-01
21 25 7.962757e-01
25 21 7.962757e-01
21 27 9.271818e-01
27 21 9.271818e-01
21 29 9.599778e-01
29 21 9.599778e-01
24 44 9.777654e-01
44 24 9.777654e-01
24 45 9.585881e-01
45 24 9.585881e-01
24 46 9.955531e-01
46 24 9.955531e-01
24 47 9.936076e-01
47 24 9.936076e-01
24 63 9.038355e-01
63 24 9.038355e-01
26 45 8.126737e-01
45 26 8.126737e-01
27 45 7.459700e-01
45 27 7.459700e-01
27 47 9.369094e-01
47 27 9.369094e-01
28 45 8.810450e-01
45 28 8.810450e-01
28 46 7.720956e-01
46 28 7.720956e-01
28 47 9.330183e-01
47 28 9.330183e-01
29 47 8.326848e-01
47 29 8.326848e-01
29 49 9.824903e-01
49 29 9.824903e-01
30 46 9.861034e-01
46 30 9.861034e-01
30 47 9.463591e-01
47 30 9.463591e-01
30 48 8.349083e-01
48 30 8.349083e-01
30 49 9.560867e-01
49 30 9.560867e-01
31 49 8.621456e-01
49 31 8.621456e-01
31 51 9.758199e-01
51 31 9.758199e-01
32 36 9.224569e-01
36 32 9.224569e-01
32 38 9.193997e-01
38 32 9.193997e-01
32 48 9.941634e-01
48 32 9.941634e-01
32 49 9.674819e-01
49 32 9.674819e-01
32 50 9.007782e-01
50 32 9.007782e-01
32 51 9.463591e-01
51 32 9.463591e-01
33 50 9.435798e-01
50 33 9.435798e-01
33 51 7.937743e-01
51 33 7.937743e-01
34 50 9.224569e-01
50 34 9.224569e-01
34 51 9.291273e-01
51 34 9.291273e-01
34 52 9.149528e-01
52 34 9.149528e-01
34 58 7.629238e-01
58 34 7.629238e-01
34 59 8.504725e-01
59 34 8.504725e-01
36 50 9.697054e-01
50 36 9.697054e-01
38 48 9.535853e-01
48 38 9.535853e-01
38 50 9.844358e-01
50 38 9.844358e-01
39 48 9.861034e-01
48 39 9.861034e-01
41 46 9.997221e-01
46 41 9.997221e-01
41 48 9.936076e-01
48 41 9.936076e-01
41 64 8.824347e-01
64 41 8.824347e-01
42 46 9.991662e-01
46 42 9.991662e-01
42 63 9.421901e-01
63 42 9.421901e-01
42 64 7.295720e-01
64 42 7.295720e-01
43 63 9.622012e-01
63 43 9.622012e-01
43 64 6.901056e-01
64 43 6.901056e-01
44 63 8.351862e-01
63 44 8.351862e-01
46 62 9.997221e-01
62 46 9.997221e-01
46 63 8.868816e-01
63 46 8.868816e-01
46 64 7.209561e-01
64 46 7.209561e-01
47 61 9.855475e-01
61 47 9.855475e-01
47 62 9.674819e-01
62 47 9.674819e-01
47 63 8.613118e-01
63 47 8.613118e-01
48 61 9.752640e-01
61 48 9.752640e-01
48 62 9.680378e-01
62 48 9.680378e-01
48 64 8.602001e-01
64 48 8.602001e-01
49 57 9.674819e-01
57 49 9.674819e-01
49 61 9.374653e-01
61 49 9.374653e-01
50 56 9.991662e-01
56 50 9.991662e-01
50 57 9.722068e-01
57 50 9.722068e-01
50 58 9.427460e-01
58 50 9.427460e-01
50 59 9.388549e-01
59 50 9.388549e-01
51 55 9.421901e-01
55 51 9.421901e-01
51 56 9.672040e-01
56 51 9.672040e-01
51 57 9.394108e-01
57 51 9.394108e-01
51 58 9.394108e-01
58 51 9.394108e-01
52 56 9.291273e-01
56 52 9.291273e-01
52 58 9.066148e-01
58 52 9.066148e-01
57 61 9.947193e-01
61 57 9.947193e-01
