2 7 9.732694e-01
7 2 9.732694e-01
2 23 3.906785e-02
23 2 3.906785e-02
2 63 5.346127e-02
63 2 5.346127e-02
3 61 5.071967e-02
61 3 5.071967e-02
3 62 1.439342e-02
62 3 1.439342e-02
3 63 1.439342e-02
63 3 1.439342e-02
4 60 4.386566e-02
60 4 4.386566e-02
4 61 2.330363e-02
61 4 2.330363e-02
4 62 9.595613e-03
62 4 9.595613e-03
5 9 8.169979e-01
9 5 8.169979e-01
5 19 2.261823e-01
19 5 2.261823e-01
5 20 9.664154e-02
20 5 9.664154e-02
5 23 1.761480e-01
23 5 1.761480e-01
5 24 1.864291e-01
24 5 1.864291e-01
5 47 4.660727e-02
47 5 4.660727e-02
5 60 3.358465e-02
60 5 3.358465e-02
5 61 1.782042e-02
61 5 1.782042e-02
5 63 6.374229e-02
63 5 6.374229e-02
6 60 2.261823e-02
60 6 2.261823e-02
7 11 8.505826e-01
11 7 8.505826e-01
7 19 3.152844e-01
19 7 3.152844e-01
8 16 1.631254e-01
16 8 1.631254e-01
8 19 2.673064e-01
19 8 2.673064e-01
8 20 2.275531e-01
20 8 2.275531e-01
8 57 4.455106e-02
57 8 4.455106e-02
8 61 3.564085e-02
61 8 3.564085e-02
9 57 2.810144e-02
57 9 2.810144e-02
9 58 2.261823e-02
58 9 2.261823e-02
9 59 2.878684e-02
59 9 2.878684e-02
9 60 3.221385e-02
60 9 3.221385e-02
10 56 3.495545e-02
56 10 3.495545e-02
10 57 4.112406e-02
57 10 4.112406e-02
11 15 5.812200e-01
15 11 5.812200e-01
11 55 1.665524e-01
55 11 1.665524e-01
11 56 3.838245e-02
56 11 3.838245e-02
11 57 4.592186e-02
57 11 4.592186e-02
12 16 5.915010e-01
16 12 5.915010e-01
12 55 8.087731e-02
55 12 8.087731e-02
12 56 3.495545e-02
56 12 3.495545e-02
12 57 7.882111e-02
57 12 7.882111e-02
13 17 4.825223e-01
17 13 4.825223e-01
13 31 6.854010e-02
31 13 6.854010e-02
13 49 9.938314e-02
49 13 9.938314e-02
13 51 1.014393e-01
51 13 1.014393e-01
13 55 9.869774e-02
55 13 9.869774e-02
13 57 8.430432e-02
57 13 8.430432e-02
14 18 5.387252e-01
18 14 5.387252e-01
15 19 6.285127e-01
19 15 6.285127e-01
16 20 5.750514e-01
20 16 5.750514e-01
16 49 1.363948e-01
49 16 1.363948e-01
16 57 5.757368e-02
57 16 5.757368e-02
17 21 5.017135e-01
21 17 5.017135e-01
17 29 1.220014e-01
29 17 1.220014e-01
18 22 5.654558e-01
22 18 5.654558e-01
19 23 6.353667e-01
23 19 6.353667e-01
20 24 5.613434e-01
24 20 5.613434e-01
20 27 4.050720e-01
27 20 4.050720e-01
20 29 3.454421e-01
29 20 3.454421e-01
20 47 2.015079e-01
47 20 2.015079e-01
20 49 2.556546e-01
49 20 2.556546e-01
20 61 8.978753e-02
61 20 8.978753e-02
21 25 4.222070e-01
25 21 4.222070e-01
21 27 4.400274e-01
27 21 4.400274e-01
21 29 4.619602e-01
29 21 4.619602e-01
24 44 4.797807e-01
44 24 4.797807e-01
24 45 4.880055e-01
45 24 4.880055e-01
24 46 6.648389e-01
46 24 6.648389e-01
24 47 4.736121e-01
47 24 4.736121e-01
24 63 1.864291e-01
63 24 1.864291e-01
26 45 3.077450e-01
45 26 3.077450e-01
27 45 2.049349e-01
45 27 2.049349e-01
27 47 3.269363e-01
47 27 3.269363e-01
28 45 3.427005e-01
45 28 3.427005e-01
28 46 2.878684e-01
46 28 2.878684e-01
28 47 4.393420e-01
47 28 4.393420e-01
29 47 3.337903e-01
47 29 3.337903e-01
29 49 5.729952e-01
49 29 5.729952e-01
30 46 6.086361e-01
46 30 6.086361e-01
30 47 5.003427e-01
47 30 5.003427e-01
30 48 3.961618e-01
48 30 3.961618e-01
30 49 5.318711e-01
49 30 5.318711e-01
31 49 3.989034e-01
49 31 3.989034e-01
31 51 5.798492e-01
51 31 5.798492e-01
32 36 7.655929e-01
36 32 7.655929e-01
32 38 7.313228e-01
38 32 7.313228e-01
32 48 6.867718e-01
48 32 6.867718e-01
32 49 5.592872e-01
49 32 5.592872e-01
32 50 5.154215e-01
50 32 5.154215e-01
32 51 4.962303e-01
51 32 4.962303e-01
33 50 4.969157e-01
50 33 4.969157e-01
33 51 3.036326e-01
51 33 3.036326e-01
34 50 4.756683e-01
50 34 4.756683e-01
34 51 4.523646e-01
51 34 4.523646e-01
34 52 4.276902e-01
52 34 4.276902e-01
34 58 2.426319e-01
58 34 2.426319e-01
34 59 3.221385e-01
59 34 3.221385e-01
36 50 6.449623e-01
50 36 6.449623e-01
38 48 7.217272e-01
48 38 7.217272e-01
38 50 7.176148e-01
50 38 7.176148e-01
39 48 8.663468e-01
48 39 8.663468e-01
41 46 9.801234e-01
46 41 9.801234e-01
41 48 9.081563e-01
48 41 9.081563e-01
41 64 3.173406e-01
64 41 3.173406e-01
42 46 9.561343e-01
46 42 9.561343e-01
42 63 4.640164e-01
63 42 4.640164e-01
42 64 1.788897e-01
64 42 1.788897e-01
43 63 4.345442e-01
63 43 4.345442e-01
43 64 1.823167e-01
64 43 1.823167e-01
44 63 2.775874e-01
63 44 2.775874e-01
46 62 6.806032e-01
62 46 6.806032e-01
46 63 3.502399e-01
63 46 3.502399e-01
46 64 2.933516e-01
64 46 2.933516e-01
47 61 5.640850e-01
61 47 5.640850e-01
47 62 5.202193e-01
62 47 5.202193e-01
47 63 3.797121e-01
63 47 3.797121e-01
48 61 5.633996e-01
61 48 5.633996e-01
48 62 5.880740e-01
62 48 5.880740e-01
48 64 4.256340e-01
64 48 4.256340e-01
49 57 6.285127e-01
57 49 6.285127e-01
49 61 5.161069e-01
61 49 5.161069e-01
50 56 9.122687e-01
56 50 9.122687e-01
50 57 6.319397e-01
57 50 6.319397e-01
50 58 5.620288e-01
58 50 5.620288e-01
50 59 5.154215e-01
59 50 5.154215e-01
51 55 7.388622e-01
55 51 7.388622e-01
51 56 7.450308e-01
56 51 7.450308e-01
51 57 6.483893e-01
57 51 6.483893e-01
51 58 6.052090e-01
58 51 6.052090e-01
52 56 7.793009e-01
56 52 7.793009e-01
52 58 5.428376e-01
58 52 5.428376e-01
57 61 7.690199e-01
61 57 7.690199e-01
