2 7 9.813032e-01
7 2 9.813032e-01
2 23 2.935677e-01
23 2 2.935677e-01
2 63 6.725269e-01
63 2 6.725269e-01
3 61 7.655923e-01
61 3 7.655923e-01
3 62 4.769081e-01
62 3 4.769081e-01
3 63 3.556579e-01
63 3 3.556579e-01
4 60 7.046184e-01
60 4 7.046184e-01
4 61 5.985768e-01
61 4 5.985768e-01
4 62 4.438398e-01
62 4 4.438398e-01
5 9 8.654946e-01
9 5 8.654946e-01
5 19 7.406167e-01
19 5 7.406167e-01
5 20 6.047161e-01
20 5 6.047161e-01
5 23 6.807590e-01
23 5 6.807590e-01
5 24 6.824334e-01
24 5 6.824334e-01
5 47 6.841077e-01
47 5 6.841077e-01
5 60 5.557416e-01
60 5 5.557416e-01
5 61 4.317009e-01
61 5 4.317009e-01
5 63 8.000558e-01
63 5 8.000558e-01
6 60 5.706711e-01
60 6 5.706711e-01
7 11 9.644203e-01
11 7 9.644203e-01
7 19 8.207060e-01
19 7 8.207060e-01
8 16 6.716897e-01
16 8 6.716897e-01
8 19 7.777313e-01
19 8 7.777313e-01
8 20 7.926608e-01
20 8 7.926608e-01
8 57 7.293149e-01
57 8 7.293149e-01
8 61 6.693177e-01
61 8 6.693177e-01
9 57 6.764337e-01
57 9 6.764337e-01
9 58 6.179713e-01
58 9 6.179713e-01
9 59 6.266220e-01
59 9 6.266220e-01
9 60 6.820148e-01
60 9 6.820148e-01
10 56 7.467560e-01
56 10 7.467560e-01
10 57 7.037812e-01
57 10 7.037812e-01
11 15 8.137296e-01
15 11 8.137296e-01
11 55 9.420957e-01
55 11 9.420957e-01
11 56 6.857821e-01
56 11 6.857821e-01
11 57 7.152225e-01
57 11 7.152225e-01
12 16 8.654946e-01
16 12 8.654946e-01
12 55 7.975443e-01
55 12 7.975443e-01
12 56 6.093205e-01
56 12 6.093205e-01
12 57 8.451235e-01
57 12 8.451235e-01
13 17 8.349379e-01
17 13 8.349379e-01
13 31 5.403935e-01
31 13 5.403935e-01
13 49 7.375471e-01
49 13 7.375471e-01
13 51 8.334031e-01
51 13 8.334031e-01
13 55 7.950328e-01
55 13 7.950328e-01
13 57 8.776336e-01
57 13 8.776336e-01
14 18 7.653132e-01
18 14 7.653132e-01
15 19 8.215432e-01
19 15 8.215432e-01
16 20 8.593554e-01
20 16 8.593554e-01
16 49 7.270825e-01
49 16 7.270825e-01
16 57 6.944328e-01
57 16 6.944328e-01
17 21 8.350774e-01
21 17 8.350774e-01
17 29 6.051346e-01
29 17 6.051346e-01
18 22 7.487094e-01
22 18 7.487094e-01
19 23 7.612669e-01
23 19 7.612669e-01
20 24 8.098228e-01
24 20 8.098228e-01
20 27 8.172178e-01
27 20 8.172178e-01
20 29 8.089856e-01
29 20 8.089856e-01
20 47 7.667085e-01
47 20 7.667085e-01
20 49 9.143296e-01
49 20 9.143296e-01
20 61 6.602484e-01
61 20 6.602484e-01
21 25 6.580159e-01
25 21 6.580159e-01
21 27 7.869401e-01
27 21 7.869401e-01
21 29 8.352170e-01
29 21 8.352170e-01
24 44 8.218222e-01
44 24 8.218222e-01
24 45 8.441468e-01
45 24 8.441468e-01
24 46 9.582810e-01
46 24 9.582810e-01
24 47 9.321892e-01
47 24 9.321892e-01
24 63 5.843449e-01
63 24 5.843449e-01
26 45 5.553230e-01
45 26 5.553230e-01
27 45 4.700712e-01
45 27 4.700712e-01
27 47 7.048974e-01
47 27 7.048974e-01
28 45 6.130878e-01
45 28 6.130878e-01
28 46 4.957444e-01
46 28 4.957444e-01
28 47 7.012697e-01
47 28 7.012697e-01
29 47 6.232733e-01
47 29 6.232733e-01
29 49 8.762383e-01
49 29 8.762383e-01
30 46 8.840519e-01
46 30 8.840519e-01
30 47 7.757779e-01
47 30 7.757779e-01
30 48 5.959258e-01
48 30 5.959258e-01
30 49 7.766150e-01
49 30 7.766150e-01
31 49 6.615041e-01
49 31 6.615041e-01
31 51 8.216827e-01
51 31 8.216827e-01
32 36 8.226594e-01
36 32 8.226594e-01
32 38 7.880564e-01
38 32 7.880564e-01
32 48 9.133529e-01
48 32 9.133529e-01
32 49 7.888935e-01
49 32 7.888935e-01
32 50 6.442026e-01
50 32 6.442026e-01
32 51 7.164783e-01
51 32 7.164783e-01
33 50 7.050370e-01
50 33 7.050370e-01
33 51 5.095577e-01
51 33 5.095577e-01
34 50 6.765732e-01
50 34 6.765732e-01
34 51 6.719687e-01
51 34 6.719687e-01
34 52 6.739221e-01
52 34 6.739221e-01
34 58 3.707269e-01
58 34 3.707269e-01
34 59 4.876517e-01
59 34 4.876517e-01
36 50 8.045207e-01
50 36 8.045207e-01
38 48 8.449840e-01
48 38 8.449840e-01
38 50 8.742849e-01
50 38 8.742849e-01
39 48 9.383284e-01
48 39 9.383284e-01
41 46 9.931631e-01
46 41 9.931631e-01
41 48 9.660946e-01
48 41 9.660946e-01
41 64 5.695549e-01
64 41 5.695549e-01
42 46 9.853495e-01
46 42 9.853495e-01
42 63 7.388028e-01
63 42 7.388028e-01
42 64 3.789591e-01
64 42 3.789591e-01
43 63 7.374076e-01
63 43 7.374076e-01
43 64 3.401702e-01
64 43 3.401702e-01
44 63 5.797405e-01
63 44 5.797405e-01
46 62 9.310730e-01
62 46 9.310730e-01
46 63 6.299707e-01
63 46 6.299707e-01
46 64 4.410493e-01
64 46 4.410493e-01
47 61 8.512627e-01
61 47 8.512627e-01
47 62 7.788475e-01
62 47 7.788475e-01
47 63 6.181108e-01
63 47 6.181108e-01
48 61 8.518208e-01
61 48 8.518208e-01
48 62 8.378680e-01
62 48 8.378680e-01
48 64 6.202037e-01
64 48 6.202037e-01
49 57 8.511232e-01
57 49 8.511232e-01
49 61 7.775917e-01
61 49 7.775917e-01
50 56 9.762802e-01
56 50 9.762802e-01
50 57 8.437282e-01
57 50 8.437282e-01
50 58 7.549881e-01
58 50 7.549881e-01
50 59 7.565230e-01
59 50 7.565230e-01
51 55 8.663318e-01
55 51 8.663318e-01
51 56 8.481931e-01
56 51 8.481931e-01
51 57 8.135901e-01
57 51 8.135901e-01
51 58 7.879168e-01
58 51 7.879168e-01
52 56 8.442863e-01
56 52 8.442863e-01
52 58 7.643365e-01
58 52 7.643365e-01
57 61 9.281429e-01
61 57 9.281429e-01
